619 28 434 885 452 64 967 427 326 330 714 483 945 648 701 801 935 294 838 34 979 238 178 251 507 427 923 518 626 496 377 225 346 111 690 356 740 844 914 908 78 709 842 297 765 223 85 99 652 124 383 345 238 976 534 184 683 842 799 27 361 476 922 270 459 133 672 278 446 915 106 918 176 815 658 599 69 236 938 679 282 858 843 765 644 760 313 861 406 234 231 591 105 33 456 437 37 719 356 492
495 474 241 803 740 668 721 193 106 490 488 517 68 616 469 505 369 676 578 63 799 102 677 141 87 698 913 769 395 892 960 33 555 108 884 104 269 935 675 221 834 919 528 781 502 974 367 993 717 884 716 189 410 539 133 137 485 316 199 650 792 8 765 253 720 577 733 97 836 140 660 265 674 789 893 992 146 519 763 412 707 250 388 860 339 231 191 337 883 76 903 43 473 519 582 593 931 314 464 746
268 767 829 990 239 340 743 910 879 712 202 673 649 647 280 552 964 371 125 845 875 946 993 522 39 71 857 565 813 809 282 167 852 48 616 502 564 736 149 557 494 313 703 498 841 336 3 810 595 177 482 506 348 708 838 520 344 835 207 304 278 641 829 632 600 681 108 341 316 62 414 866 350 575 880 650 643 938 921 765 370 984 833 994 617 589 589 434 466 392 441 314 88 691 733 813 964 653 525 181
928 999 566 476 301 412 70 679 838 252 425 545 734 912 718 244 856 371 409 503 992 487 385 231 742 973 893 698 249 966 537 647 628 685 703 264 192 844 140 612 294 128 147 207 760 453 80 406 920 579 682 471 485 584 116 783 997 953 874 776 577 995 952 653 152 972 1 27 230 701 401 482 538 271 12 901 491 971 158 588 900 945 533 432 802 7 190 664 751 676 735 851 77 913 873 116 38 445 980 588
352 900 324 917 532 452 725 696 967 950 330 520 347 717 433 386 506 151 761 90 0 667 327 31 534 415 362 803 854 133 308 419 999 579 592 364 41 981 178 472 146 157 930 845 277 633 335 284 556 193 89 343 805 192 44 127 607 525 57 655 478 468 390 433 560 433 110 422 304 273 449 280 22 221 662 260 712 260 666 341 293 863 56 110 773 807 618 923 525 605 582 337 429 102 907 185 759 322 876 922
790 999 758 658 480 471 673 162 485 312 87 890 833 633 646 648 100 343 977 994 960 832 586 416 772 935 179 47 564 251 436 592 94 895 499 297 992 394 935 747 581 893 886 313 657 528 739 812 687 602 706 135 15 141 373 767 859 680 84 674 99 291 754 298 223 772 626 312 811 717 138 458 719 353 804 288 976 292 976 874 881 158 694 334 458 756 175 392 471 826 690 528 212 357 209 254 877 755 82 379
938 47 196 860 518 926 261 414 377 571 500 771 838 178 497 780 857 180 154 988 409 714 463 611 674 603 116 458 871 323 385 481 368 356 34 304 24 441 297 117 142 615 319 818 832 4 984 838 562 339 56 320 148 686 687 897 924 253 411 894 160 612 792 991 641 547 772 321 358 900 714 216 727 615 437 537 312 387 374 592 707 295 568 66 359 702 14 92 885 939 787 117 713 684 901 737 315 606 157 843
932 380 606 488 971 113 605 95 415 575 16 602 328 145 289 619 862 926 623 799 74 736 701 159 85 198 771 108 774 227 245 90 537 861 271 980 766 494 447 680 247 240 573 248 54 142 636 18 818 125 418 94 457 943 596 88 637 651 373 958 986 763 714 945 914 728 794 149 946 782 247 83 726 115 234 164 646 437 25 694 100 122 559 678 550 170 528 130 911 377 84 202 458 417 559 828 79 663 586 791
360 974 521 708 247 520 204 500 240 11 439 754 758 63 346 679 539 974 130 201 124 42 898 551 890 292 635 549 977 332 843 347 404 338 45 46 195 762 94 200 278 195 232 250 147 498 356 733 350 404 869 683 320 581 211 809 604 336 743 374 31 703 201 845 440 11 542 245 404 321 761 334 552 295 866 676 738 348 192 607 922 463 235 186 176 927 173 490 140 495 433 787 18 757 745 336 103 523 759 824
614 395 21 869 491 292 447 88 311 515 732 559 901 485 313 5 939 110 575 90 831 453 654 991 293 651 516 734 501 103 140 600 203 81 714 444 232 377 440 789 304 827 291 463 591 637 259 988 631 418 428 229 626 901 60 588 876 381 838 622 818 382 427 956 764 408 977 339 2 324 951 502 955 862 448 463 149 943 790 7 143 788 35 971 88 668 286 386 696 209 426 819 851 804 927 926 847 500 757 868
463 181 866 650 646 508 326 655 370 412 253 161 105 649 903 504 725 522 620 150 224 672 261 406 939 520 532 794 205 984 534 469 989 148 859 297 330 918 334 963 753 269 401 885 765 986 368 46 668 557 809 190 898 807 97 224 4 991 648 942 312 101 353 111 20 713 838 249 273 651 111 946 722 472 567 244 182 462 741 522 469 478 747 908 880 659 866 470 305 231 363 189 427 496 664 340 160 619 903 942
742 913 768 906 898 36 287 505 495 711 144 132 626 56 542 783 964 773 945 218 35 453 5 135 472 395 835 47 453 440 603 244 421 880 769 482 808 853 166 940 1 154 698 990 660 679 114 867 628 855 863 384 592 346 921 571 676 356 390 882 807 730 424 532 9 924 507 9 748 148 314 613 393 882 911 39 857 153 581 938 73 748 164 366 572 671 391 752 899 178 414 898 839 11 889 219 621 54 95 523
251 642 766 157 593 674 861 785 169 953 693 616 357 352 575 917 222 346 194 586 278 497 343 247 223 826 304 894 663 247 262 766 287 406 932 6 649 500 231 933 653 670 279 715 47 476 799 465 490 7 638 884 453 478 951 898 965 594 553 28 128 492 860 149 5 50 991 708 789 542 433 74 749 164 56 425 875 460 182 214 152 446 511 300 84 278 235 996 319 302 530 245 657 61 104 424 235 999 936 135
647 155 672 687 605 298 159 652 186 43 107 937 388 348 201 853 962 263 948 665 452 319 696 927 982 459 827 895 967 948 494 57 462 274 310 507 357 456 217 194 443 385 912 432 812 362 789 527 985 782 850 974 714 641 84 960 441 224 221 238 126 245 38 458 458 297 514 336 107 444 306 746 355 465 559 444 59 511 927 747 683 711 24 661 910 273 395 143 344 782 739 363 99 966 93 828 368 532 178 82
866 647 558 430 930 504 756 588 320 501 821 387 988 792 61 627 299 46 550 870 721 942 468 295 975 111 269 414 353 889 876 270 812 212 241 461 110 801 402 402 772 542 767 466 530 597 32 839 482 689 631 142 625 223 173 753 364 439 633 687 132 944 535 140 620 851 23 719 184 970 319 379 117 934 920 380 628 583 364 107 497 104 467 635 892 113 386 928 618 644 600 727 184 348 574 146 217 802 132 872
896 239 772 234 250 940 775 542 859 340 668 481 221 574 527 998 952 245 495 207 306 325 232 48 919 652 332 654 967 475 931 591 903 805 63 609 971 754 548 373 3 682 996 878 821 421 778 520 810 529 791 30 597 278 950 644 45 489 730 957 488 916 677 341 422 827 522 447 532 148 531 188 490 627 588 210 640 403 124 251 357 655 978 944 815 466 198 72 942 559 71 93 961 497 388 144 638 374 353 526
768 413 631 60 838 402 288 852 353 351 589 540 103 765 641 406 516 736 387 429 0 213 422 435 736 509 247 854 108 635 404 173 225 363 822 379 818 189 82 827 599 483 837 990 967 517 781 606 554 591 3 137 639 905 801 467 684 302 3 390 945 299 591 346 744 636 561 173 626 177 97 375 431 951 536 814 851 981 898 616 654 377 21 211 524 666 945 464 54 991 597 316 779 156 325 731 403 172 307 272
641 624 896 932 576 270 589 894 987 904 109 270 680 914 987 361 137 916 254 906 268 812 134 824 6 59 251 953 128 625 332 821 597 7 320 369 499 173 139 77 475 670 506 455 687 508 630 400 975 186 911 808 905 105 683 561 631 314 814 246 760 552 881 913 105 286 419 558 504 134 304 281 135 143 247 594 227 106 421 55 846 531 856 597 630 486 615 882 357 358 503 7 444 973 91 442 889 626 996 299
885 11 980 963 855 135 583 684 920 244 954 398 744 434 40 163 821 451 767 187 698 841 195 137 492 709 285 36 677 482 496 973 34 771 883 111 970 941 846 357 599 29 182 771 246 342 129 404 192 590 849 501 961 990 858 90 602 112 634 164 775 926 731 145 786 29 352 47 437 220 769 155 613 686 219 873 784 891 151 628 303 559 560 556 674 281 919 888 412 584 540 100 147 282 384 61 513 895 117 814
82 676 403 529 118 72 483 413 698 893 8 821 238 17 30 243 31 605 592 829 900 764 114 12 750 128 827 612 507 703 833 779 172 643 521 998 490 296 809 882 760 565 12 239 250 381 946 20 140 568 677 87 870 676 117 808 383 732 209 155 483 307 665 49 993 655 386 142 274 62 484 902 874 67 511 217 720 490 64 749 50 26 108 445 803 677 899 548 366 867 955 322 982 278 126 339 500 177 822 263
376 890 437 152 661 483 654 424 958 283 977 933 869 517 416 944 118 903 929 717 43 596 440 486 360 118 511 107 950 158 224 692 34 715 674 126 157 778 249 654 534 182 143 342 638 593 595 888 992 528 812 867 311 378 213 361 507 626 149 731 584 198 43 832 773 948 562 748 916 595 465 860 51 894 558 487 548 186 607 855 270 385 664 51 774 877 507 477 269 523 185 486 635 430 576 735 472 206 880 340
980 5 912 513 921 705 811 249 828 828 476 289 75 852 50 569 639 954 81 925 420 925 237 341 768 625 45 971 984 17 479 275 588 250 698 293 585 328 986 782 252 817 517 596 824 427 652 410 462 413 487 483 855 990 663 894 409 474 135 882 349 287 270 41 413 156 628 24 76 581 317 591 761 995 138 20 108 813 383 256 61 961 718 889 285 549 335 98 325 550 67 992 506 13 535 455 827 743 948 854
5 27 955 478 862 566 661 341 318 945 774 893 344 775 377 70 64 250 535 979 725 860 992 25 566 778 50 680 367 864 398 547 78 944 80 259 619 610 945 173 319 919 294 953 946 770 228 382 771 351 56 714 122 780 575 767 901 986 859 597 311 941 101 734 884 40 846 137 551 991 843 134 816 431 870 307 597 914 494 154 417 24 666 22 963 160 984 203 483 548 271 587 362 840 220 650 585 260 175 89
301 772 772 525 918 939 938 718 454 173 55 827 163 711 438 987 349 230 778 318 901 813 543 91 123 573 948 710 999 186 970 447 651 646 550 374 722 720 180 90 199 691 140 795 146 239 586 436 218 670 4 108 14 112 366 930 172 588 481 337 280 119 85 976 770 200 800 772 150 969 264 857 794 917 82 945 369 52 917 766 592 786 739 947 277 971 218 383 667 950 77 343 674 206 73 630 717 443 835 488
619 94 878 916 321 612 207 425 492 767 854 367 907 490 803 367 545 125 134 935 766 746 935 814 231 674 792 539 242 272 317 882 591 490 758 205 772 276 99 417 792 753 633 771 190 59 680 534 850 762 906 924 428 364 563 880 541 866 824 315 766 156 471 8 274 328 377 20 642 230 480 836 219 279 494 172 69 97 766 477 571 93 424 30 137 46 34 218 830 789 83 106 414 574 27 174 656 423 176 574
700 327 852 724 385 645 500 289 556 456 571 255 288 493 689 571 863 757 258 198 110 288 337 181 142 791 554 206 833 560 184 483 924 140 846 920 38 109 775 36 335 881 300 326 923 751 760 404 527 144 80 693 346 806 160 996 910 101 566 46 869 917 552 607 251 675 300 967 287 468 672 216 4 676 948 424 844 656 520 649 815 921 623 826 393 884 401 776 147 212 428 118 691 71 574 480 106 623 524 74
444 664 214 888 877 628 277 117 545 68 871 700 396 495 678 886 50 315 994 546 94 353 445 974 837 929 190 753 265 168 118 783 548 770 593 893 660 941 66 869 165 617 328 253 403 360 56 933 201 315 972 361 723 536 65 604 929 845 864 719 406 185 259 0 474 563 182 331 992 804 596 95 391 662 174 535 933 112 880 295 968 388 440 11 968 271 334 64 891 40 346 229 285 674 285 179 409 79 377 884
83 377 605 9 482 516 886 507 567 690 185 120 683 728 752 223 142 323 345 125 941 778 540 626 459 504 926 212 286 18 464 566 420 196 612 244 103 306 720 165 853 526 105 383 487 805 759 164 85 621 162 515 305 277 955 809 39 901 15 219 697 676 527 548 430 585 447 853 433 520 543 146 681 736 812 797 687 102 228 470 333 973 615 887 605 967 337 161 104 975 63 500 870 979 883 172 583 349 714 362
447 831 64 634 91 914 701 877 520 353 99 291 172 197 406 805 910 591 507 567 529 73 170 426 842 296 938 812 817 175 46 757 467 959 746 752 206 686 452 33 50 585 493 38 609 956 710 330 731 705 889 262 446 886 833 561 572 947 357 457 78 699 595 977 58 527 174 874 933 613 212 590 725 85 8 544 20 798 883 487 120 346 950 343 448 813 846 497 626 726 692 525 250 603 705 115 339 764 783 915
251 592 83 158 900 39 94 401 544 335 834 822 132 212 513 122 650 144 899 8 800 957 832 587 794 269 383 39 847 316 29 223 261 589 984 460 715 436 341 187 161 859 940 535 217 356 163 77 417 614 895 648 198 206 652 208 762 726 86 338 772 56 510 642 59 31 430 149 274 856 348 467 539 852 931 264 559 309 451 529 36 193 235 165 922 378 298 483 575 66 852 166 764 545 532 269 927 656 464 628
844 504 656 366 818 109 365 982 322 538 420 276 928 420 655 802 308 188 220 636 869 429 500 561 116 952 759 621 608 158 594 395 172 774 342 570 402 78 144 642 238 468 163 857 890 164 542 111 25 716 971 652 484 257 571 209 987 636 61 974 869 263 333 695 603 997 949 607 311 521 981 308 572 207 176 26 53 677 179 514 552 958 896 64 567 50 335 748 196 527 615 808 117 662 702 290 967 869 60 896
366 770 120 275 732 854 713 702 168 578 610 381 650 580 184 606 408 491 472 462 411 53 564 381 574 993 893 949 995 321 73 649 917 953 487 16 920 680 340 117 723 281 530 683 68 876 867 688 237 964 303 947 323 807 190 996 474 987 252 792 54 230 580 109 760 705 603 900 697 118 412 239 41 568 877 376 138 631 913 60 777 402 130 924 94 349 70 274 897 67 81 383 410 647 514 689 500 891 998 368
692 805 743 126 410 539 842 25 787 400 1 7 825 854 120 561 338 54 970 569 593 656 489 424 750 250 745 576 438 241 710 593 70 693 45 848 71 453 272 794 283 842 385 684 314 296 651 691 598 15 356 166 611 445 890 32 60 395 334 475 52 376 278 265 407 524 587 521 260 177 110 427 406 115 823 167 96 508 658 124 450 892 741 196 48 11 158 503 183 701 449 850 623 108 48 734 551 920 844 40
960 535 188 215 985 826 848 261 331 678 947 582 444 890 70 820 218 497 763 711 632 459 232 95 736 192 185 194 714 597 9 173 838 199 912 281 615 837 308 653 693 912 504 490 725 105 384 105 77 930 499 204 101 724 538 544 980 82 816 907 848 321 313 796 211 150 292 92 684 254 594 584 531 372 273 793 65 193 834 985 580 844 86 277 390 382 355 343 801 840 23 352 14 661 884 648 881 2 772 221
492 879 243 411 9 628 214 101 838 583 943 150 26 576 804 345 943 189 281 402 133 424 401 488 210 170 874 228 42 797 845 10 216 634 871 989 168 429 998 770 579 802 297 791 406 551 146 476 384 352 612 994 31 508 481 16 223 375 469 727 305 563 676 229 553 436 194 467 683 219 993 455 144 962 608 34 923 294 389 630 250 309 540 369 656 438 612 419 980 922 177 567 48 693 667 250 915 600 481 525
96 381 790 451 72 140 294 409 423 955 916 875 630 314 423 851 758 825 323 268 144 612 823 279 445 720 623 286 736 168 763 941 175 747 205 336 190 617 231 41 962 126 834 543 99 386 414 600 5 622 731 73 636 917 371 552 971 647 976 484 423 277 769 476 519 237 886 801 909 800 68 402 464 991 720 100 529 936 408 820 938 77 7 810 267 852 381 66 791 169 970 443 452 193 947 813 381 698 974 169
818 383 311 526 333 504 907 455 570 758 442 416 586 50 617 183 476 354 226 804 369 673 462 466 208 253 920 401 727 967 484 255 605 57 622 764 585 169 527 909 173 92 987 398 37 12 757 769 615 881 834 950 271 795 571 276 121 616 764 163 842 384 486 934 715 21 634 554 632 843 697 460 288 336 713 764 973 985 946 120 654 928 713 847 899 923 2 836 726 316 886 417 347 750 947 419 910 703 261 151
302 792 329 557 874 126 880 35 356 852 607 938 71 353 20 924 585 741 588 700 123 933 508 301 282 789 416 634 610 897 20 548 699 939 962 99 826 232 998 430 550 116 204 486 660 100 605 158 817 957 629 74 793 280 928 339 186 979 782 94 970 601 58 741 53 611 123 156 736 452 915 121 28 218 235 800 310 239 21 327 127 668 265 684 786 813 507 210 9 367 810 914 416 439 74 225 623 959 916 315
790 222 62 472 117 697 210 563 991 367 345 294 303 905 239 342 812 985 755 940 577 197 335 538 737 950 529 675 433 787 652 567 423 923 210 90 493 64 957 683 452 476 678 728 956 878 747 331 555 680 780 741 82 299 948 980 296 352 923 705 791 342 234 942 479 222 377 4 348 22 804 767 234 230 19 976 769 58 989 172 377 895 835 924 564 583 473 782 511 991 254 49 524 978 17 213 572 703 626 904
401 343 442 742 729 338 88 494 440 464 550 700 24 157 590 376 596 494 713 4 168 90 699 142 450 482 864 525 515 460 297 658 586 7 959 438 27 560 491 269 722 46 375 630 65 478 356 487 465 273 191 237 870 626 568 340 396 172 8 678 973 338 469 782 353 953 294 793 786 358 82 104 968 357 798 207 850 372 666 812 856 572 175 133 338 198 250 252 6 998 876 100 53 225 300 231 505 502 796 171
589 924 938 347 264 201 42 423 713 489 774 385 835 426 265 100 515 849 531 546 828 284 170 559 537 945 314 146 690 86 175 335 589 624 376 994 714 439 118 749 264 439 908 452 702 902 578 746 797 311 589 438 574 382 737 871 336 13 165 927 785 857 543 701 896 703 24 945 581 784 317 478 470 229 346 948 727 202 381 870 743 680 917 483 17 250 198 304 878 472 817 785 559 396 511 876 476 203 825 862
519 485 590 715 333 34 785 659 157 786 931 327 924 303 884 668 914 445 134 57 976 975 841 220 641 171 395 501 321 0 502 517 950 374 812 200 117 736 660 205 331 845 497 172 923 461 277 3 317 852 797 756 688 162 577 431 255 790 843 390 5 798 431 570 355 695 766 141 376 709 273 662 721 12 705 277 706 358 576 129 696 692 413 28 204 706 0 658 902 169 823 116 694 511 427 765 507 647 278 136
692 156 244 753 287 9 902 71 370 754 812 518 165 25 823 42 421 60 786 758 373 772 944 123 289 461 431 972 165 808 431 895 71 221 894 350 75 508 604 429 860 352 983 23 878 247 732 145 456 632 671 695 117 222 3 187 579 726 279 158 495 762 989 161 156 908 903 813 74 827 299 932 129 448 328 953 971 874 8 101 341 858 109 168 942 41 990 393 967 831 197 542 504 986 658 920 871 671 717 196
60 196 765 142 339 121 686 373 436 868 25 303 952 828 713 452 459 888 283 264 207 414 310 577 629 707 522 785 481 117 745 570 77 408 433 132 814 112 717 513 22 163 787 302 25 174 993 485 793 825 567 456 211 155 106 921 16 607 580 71 262 34 844 991 302 933 785 771 112 955 294 685 678 280 392 697 403 810 145 343 769 808 772 476 350 599 644 831 91 213 582 364 101 709 715 461 420 805 478 543
934 153 757 815 761 308 373 691 806 929 418 758 17 363 15 872 604 250 406 491 21 338 201 538 624 862 621 117 816 133 742 381 743 704 336 900 86 558 721 610 630 126 184 12 147 451 124 710 449 818 934 229 134 925 50 223 687 714 292 689 49 546 961 676 525 887 63 528 992 870 669 578 29 23 47 563 62 93 31 294 621 495 381 806 671 921 878 360 442 176 814 313 948 217 199 183 682 637 106 441
311 147 62 312 70 900 906 931 926 118 55 43 928 206 502 874 590 639 843 434 93 554 755 802 617 879 8 653 465 566 407 413 364 127 920 434 50 359 861 339 142 441 889 590 750 48 469 533 899 628 662 583 420 998 867 365 55 644 559 540 454 778 436 380 241 127 114 699 45 635 549 58 160 892 269 321 747 220 351 681 823 672 618 728 841 532 938 95 485 862 164 797 276 463 927 147 639 104 194 73
711 256 899 162 462 495 370 297 131 511 323 813 791 616 555 249 483 151 599 489 763 110 584 876 876 859 496 371 155 218 251 293 246 617 374 320 841 107 888 897 767 435 364 39 591 457 962 669 182 372 834 964 829 578 529 862 899 53 995 129 802 799 953 395 883 686 684 779 601 508 953 535 853 336 42 785 76 985 78 969 933 166 698 172 780 749 587 302 410 455 207 534 11 242 775 74 539 188 700 389
435 848 101 321 610 615 555 719 772 260 631 914 511 292 862 164 712 925 64 330 723 674 222 186 143 929 351 919 26 172 607 893 693 37 677 302 138 92 445 645 623 404 847 689 17 627 199 641 962 968 667 785 721 128 832 865 741 230 626 245 851 572 907 826 363 914 596 816 397 48 848 975 159 531 30 347 320 426 819 806 335 21 835 586 763 887 176 159 320 907 692 361 415 526 532 934 741 774 869 899
374 496 219 216 265 267 808 872 444 146 857 774 749 86 918 8 4 135 328 621 539 546 75 166 250 696 990 581 442 957 481 65 321 710 668 304 262 987 539 490 135 178 865 129 608 296 80 520 690 66 843 43 556 949 614 246 480 554 750 954 423 257 483 338 952 96 29 189 903 673 593 23 46 618 122 507 904 945 360 156 507 413 388 409 268 593 208 773 399 72 132 459 876 113 991 339 373 982 68 428
398 148 448 209 635 85 94 541 239 502 442 608 100 431 803 860 440 748 443 464 64 968 965 209 485 398 284 86 199 100 293 954 801 929 256 461 696 410 163 55 488 416 194 3 184 787 241 283 413 719 755 661 757 421 878 499 486 202 787 781 232 825 776 48 557 293 319 148 663 975 884 385 392 833 221 406 320 119 899 929 553 116 396 417 510 837 493 892 343 554 23 305 640 84 672 283 313 366 384 959
698 180 130 213 626 437 489 938 587 154 912 538 506 8 17 24 937 356 771 779 483 888 751 904 101 427 803 674 811 6 616 205 831 538 579 972 154 227 446 256 528 845 175 617 327 304 166 389 17 556 885 60 612 987 899 113 220 492 83 695 254 943 643 469 745 349 540 873 534 11 740 954 672 164 973 505 748 412 580 402 339 395 580 217 402 107 621 37 514 331 684 394 236 172 570 179 688 890 615 830
806 701 320 563 159 549 415 938 765 541 428 475 522 568 413 735 594 762 566 844 622 569 239 598 162 925 147 359 201 510 995 639 337 528 31 63 143 408 128 161 486 655 362 433 596 540 792 261 109 310 671 981 47 535 457 463 364 244 38 590 589 207 174 779 446 894 296 195 748 223 707 946 820 939 856 225 760 877 295 835 923 569 957 55 29 567 678 878 328 258 924 972 492 890 468 403 378 500 362 73
915 198 439 319 25 802 449 649 739 286 367 394 299 313 528 8 57 573 240 504 616 768 293 239 527 666 21 292 165 905 275 466 623 52 745 24 282 399 202 469 664 210 394 804 738 703 248 112 280 538 44 814 859 754 601 273 716 447 442 446 908 457 667 438 160 332 598 247 977 185 154 581 962 873 200 930 908 33 961 156 740 806 125 890 523 408 471 861 598 40 129 619 737 458 556 233 688 324 673 203
145 721 750 885 586 635 728 767 781 204 719 892 684 287 768 524 6 365 812 139 78 667 717 303 426 247 32 906 359 712 978 282 139 810 124 358 714 532 265 585 199 135 237 228 463 852 691 388 456 21 923 212 500 800 569 922 382 177 117 865 852 854 702 649 519 679 127 308 679 168 811 959 108 322 204 768 16 750 613 2 737 566 992 302 602 183 736 947 495 826 71 543 72 822 172 897 135 543 348 761
715 987 979 257 9 791 951 811 10 85 559 701 203 127 893 323 101 151 464 580 601 172 634 264 530 469 397 52 560 233 524 233 367 913 951 576 412 732 20 863 848 560 249 337 731 70 448 925 931 653 527 38 176 842 417 835 612 233 8 371 97 92 784 267 538 783 817 831 13 227 855 849 628 759 740 28 906 628 952 153 145 370 684 786 136 500 203 784 862 747 710 725 804 643 395 85 151 637 747 975
193 805 936 806 866 96 95 995 713 729 675 157 697 264 242 39 15 977 808 449 685 79 882 224 408 705 18 28 90 874 790 759 45 649 624 719 886 559 277 709 625 215 890 387 183 611 175 622 699 647 642 815 169 762 740 497 179 357 389 30 107 603 439 917 406 955 940 831 900 743 530 725 764 746 527 274 637 46 723 964 105 47 38 926 256 337 718 685 139 801 746 66 364 980 39 629 89 787 280 157
78 728 510 837 105 367 164 817 857 517 88 373 775 587 155 873 782 173 132 140 797 784 811 644 520 782 915 522 816 717 479 424 59 613 295 253 230 594 616 168 226 464 169 173 496 182 903 368 339 807 192 713 399 449 187 821 308 300 850 440 396 197 159 101 745 474 775 779 874 583 965 938 311 768 292 315 652 506 744 677 33 860 100 876 20 853 349 935 514 672 400 998 78 594 253 259 894 504 373 457
738 40 237 290 66 197 982 843 598 281 713 104 887 283 787 280 147 617 471 282 843 885 286 103 141 492 919 28 472 908 548 858 660 878 159 794 92 643 394 646 556 697 292 410 767 670 515 872 447 620 421 38 597 13 507 164 80 194 613 362 665 501 76 644 964 881 317 64 981 520 148 652 320 610 698 182 83 249 361 432 428 933 701 887 385 706 344 771 254 739 13 227 404 270 646 10 656 398 32 240
536 764 177 13 140 744 385 30 169 409 437 503 769 45 474 715 202 121 171 684 583 212 164 998 452 656 60 453 774 658 225 887 882 47 678 987 528 983 535 28 313 472 619 553 94 682 367 518 825 436 708 421 265 777 228 590 53 250 425 97 900 973 486 650 923 23 980 814 189 786 190 529 875 736 112 339 796 535 285 90 24 716 827 547 321 870 865 886 975 151 522 354 717 3 680 777 781 391 293 980
974 754 329 831 174 434 146 243 226 974 844 522 292 813 624 604 591 374 681 85 443 172 624 948 685 218 512 766 7 299 462 671 304 859 198 653 895 324 185 549 256 957 159 931 80 965 121 607 112 671 332 622 948 496 387 315 110 682 260 695 493 62 150 642 776 678 252 155 751 564 491 949 187 233 732 148 735 447 286 315 30 40 174 461 982 69 395 447 958 976 581 110 666 81 955 707 52 728 177 281
119 726 570 791 741 211 430 684 665 391 111 315 214 380 344 329 280 483 12 821 743 509 705 804 351 572 138 888 266 148 844 374 815 887 669 337 391 771 288 331 633 301 804 166 150 398 147 729 706 130 743 385 986 159 955 986 821 569 685 623 477 235 873 158 103 624 323 824 647 815 259 322 39 194 258 508 733 80 135 582 194 361 529 970 541 806 434 640 85 874 936 20 614 712 957 765 541 219 127 74
655 263 153 210 304 69 604 282 909 480 326 58 827 349 47 134 290 946 781 248 479 294 568 893 791 567 142 802 738 800 323 451 675 175 338 417 292 499 970 333 760 808 881 19 31 600 247 917 484 217 577 108 390 124 594 351 241 990 352 709 244 766 657 443 733 294 718 953 437 798 890 922 644 376 561 583 828 668 937 296 562 645 201 933 83 936 136 124 748 19 413 301 570 308 911 989 300 727 654 841
47 655 182 150 709 376 784 461 133 506 127 845 761 468 50 547 615 762 419 567 590 189 479 378 127 418 889 72 413 26 961 981 464 859 929 137 666 416 41 522 137 423 731 464 143 846 971 867 964 828 399 60 312 270 472 725 706 222 106 303 375 687 18 131 96 239 885 902 633 75 537 440 38 237 412 556 605 671 517 31 519 719 216 540 888 662 537 385 826 483 283 732 526 816 865 757 954 609 234 942
796 198 741 82 224 57 706 270 397 983 273 330 140 272 735 927 479 20 656 343 17 583 957 797 694 617 711 990 721 707 305 750 196 735 587 210 514 402 548 59 664 737 961 714 404 291 415 893 60 89 477 708 391 53 14 413 506 49 382 311 239 4 90 729 991 803 439 829 944 402 188 355 634 484 670 746 264 667 101 71 779 270 840 658 368 287 576 434 989 524 933 994 447 267 184 79 625 258 235 763
443 825 173 471 570 399 5 739 172 319 714 976 555 820 386 550 529 522 748 855 800 803 684 330 238 849 869 870 29 167 95 129 714 975 719 141 1 937 569 946 768 287 220 572 387 850 932 531 209 141 738 349 773 489 649 698 682 906 784 331 948 941 336 28 216 216 609 22 475 676 897 710 896 296 377 484 985 902 44 944 50 671 264 987 719 269 72 140 935 67 937 972 488 104 263 949 941 306 825 39
653 91 50 718 576 748 616 745 102 104 246 694 690 490 89 804 216 269 520 552 200 286 850 614 1 455 947 528 292 199 821 842 558 136 974 446 985 229 302 248 0 331 859 719 227 740 745 456 333 437 294 620 662 667 90 999 382 139 257 632 949 178 234 158 164 202 117 276 987 473 985 118 647 569 808 891 195 984 398 66 522 961 405 966 574 545 596 733 996 220 556 922 491 879 427 290 429 630 86 852
234 375 165 278 598 185 462 772 106 777 196 582 421 490 333 121 403 918 881 742 995 502 474 76 504 769 780 779 788 864 987 174 297 700 305 407 41 494 565 92 15 563 244 193 195 877 379 846 769 891 735 841 362 164 175 427 452 904 728 230 120 691 276 296 900 336 552 707 687 264 116 520 916 895 883 200 336 914 975 54 961 404 274 339 952 242 248 136 532 815 780 981 141 109 271 392 606 920 5 583
196 414 485 999 295 399 716 225 741 687 962 136 516 816 666 380 729 987 709 606 400 432 860 855 816 533 580 365 769 231 187 857 689 147 810 956 512 316 203 997 224 591 228 706 508 729 433 991 557 896 733 295 66 951 916 821 788 568 37 120 397 965 462 273 306 737 330 127 185 316 387 600 835 792 657 735 601 18 69 807 552 429 866 307 940 921 592 670 417 907 284 322 915 131 240 195 615 746 362 328
652 638 354 523 270 139 870 343 592 874 657 428 321 282 791 32 326 923 94 548 564 797 223 17 822 179 678 576 151 696 816 749 57 377 198 838 120 763 356 240 679 635 119 674 942 619 656 715 618 340 631 54 534 982 744 604 92 330 745 142 939 843 188 500 692 312 908 475 834 432 549 194 197 59 300 607 8 234 549 406 521 872 684 626 665 128 280 224 370 472 260 665 509 951 16 803 102 594 62 222
559 995 240 190 661 988 316 668 25 745 187 560 857 828 278 511 556 437 875 278 85 83 153 301 412 265 765 796 494 14 470 698 987 878 345 290 292 956 88 373 370 759 287 540 764 957 299 484 87 521 310 348 697 681 58 234 174 50 748 135 324 20 63 979 519 284 679 77 21 356 367 555 237 28 774 832 428 873 100 852 133 806 208 185 919 738 267 537 750 141 154 530 421 340 91 520 706 675 36 512
100 899 824 578 904 573 678 564 893 13 788 565 700 286 147 372 658 193 98 475 632 942 788 306 636 58 993 120 910 40 63 967 385 957 395 298 503 885 583 980 508 479 872 995 635 275 489 330 485 274 239 868 964 623 515 698 16 658 872 601 356 771 879 645 905 578 149 19 264 28 936 969 761 545 515 404 824 287 76 141 865 678 574 914 206 526 32 841 155 455 836 716 268 411 952 400 75 527 933 586
660 22 451 864 359 694 800 896 365 252 725 54 230 884 185 723 788 802 993 219 344 825 950 917 195 17 912 85 934 657 192 441 333 852 833 774 127 743 556 658 464 73 791 435 319 696 241 132 727 549 490 945 939 974 620 541 909 812 572 953 868 234 841 991 486 594 961 806 887 72 278 891 592 215 789 68 599 428 327 8 500 278 234 415 151 338 465 521 681 650 201 387 219 232 470 941 694 934 248 544
455 124 356 480 626 0 269 627 946 659 364 186 958 793 96 21 60 437 214 829 17 531 874 619 266 222 594 68 690 805 808 979 973 527 137 631 667 463 713 315 718 777 451 594 538 527 157 150 38 521 847 973 309 660 191 301 456 514 289 222 971 421 847 453 363 99 499 436 102 523 942 519 73 889 635 928 357 752 727 596 355 405 118 38 399 908 778 870 384 62 212 674 605 953 686 552 638 263 172 92
815 797 341 371 45 829 260 987 607 153 563 514 800 236 873 716 45 467 470 536 433 542 232 365 733 252 172 401 755 755 41 51 506 276 231 766 693 679 601 353 828 405 892 102 373 750 645 793 416 821 241 154 192 983 633 209 724 407 777 342 573 899 578 433 627 346 822 601 20 649 867 730 658 561 529 18 860 947 965 26 301 805 485 321 545 355 103 384 583 981 431 928 730 512 400 346 318 229 438 732
340 593 772 419 794 568 722 3 624 563 370 54 29 761 731 324 624 933 164 208 225 836 972 707 683 670 728 564 917 344 9 258 833 962 562 204 491 972 150 976 490 101 586 326 709 11 681 460 500 148 732 323 786 762 967 221 471 503 500 626 999 285 632 976 568 858 520 925 924 939 65 372 616 352 597 786 202 556 973 268 470 960 552 283 632 475 187 952 972 856 66 463 592 81 34 842 739 739 725 756
633 503 850 894 958 398 474 132 345 750 124 807 420 411 790 950 849 499 565 672 806 189 101 358 32 873 511 964 944 983 467 875 888 630 228 406 853 650 936 514 853 104 956 651 600 28 802 638 538 864 910 713 820 226 758 26 574 901 104 984 583 938 658 662 391 312 189 310 879 169 515 47 976 193 580 795 641 732 560 250 589 686 757 794 214 475 178 871 113 972 81 179 421 161 698 732 12 506 769 184
996 735 297 261 860 395 103 142 172 928 605 126 712 681 604 113 937 651 658 367 56 66 504 681 443 854 96 542 632 435 410 775 199 41 137 24 265 481 813 186 99 560 102 801 279 530 815 530 11 910 56 127 525 856 838 309 603 892 909 514 300 247 399 722 328 2 693 130 169 194 301 309 237 214 962 951 382 634 324 489 306 697 574 565 821 454 475 650 4 812 114 415 238 27 530 140 820 620 369 381
267 298 602 413 675 176 873 948 708 984 540 842 573 497 912 841 778 562 507 137 618 718 329 171 121 490 25 961 79 759 596 335 255 527 273 395 494 747 37 648 547 458 632 64 850 733 755 691 753 888 843 33 891 299 87 200 760 873 597 388 139 214 514 267 816 436 734 850 613 940 137 774 628 823 942 421 200 201 643 637 552 121 274 195 702 588 158 95 630 967 618 262 843 444 231 175 168 115 243 583
164 631 672 959 534 849 97 935 274 371 297 161 687 513 950 778 69 26 209 325 724 119 542 750 40 566 48 389 162 521 471 611 363 724 701 249 316 854 98 339 578 166 800 421 853 82 368 68 660 332 844 267 907 260 47 565 407 984 420 359 518 580 557 829 635 309 72 312 980 965 744 632 818 603 502 664 733 658 458 728 407 888 252 635 453 839 983 87 975 921 607 534 74 956 832 515 26 896 956 750
177 170 650 337 458 901 536 830 167 519 520 24 769 107 404 324 337 422 863 395 303 493 998 24 465 284 403 309 715 429 767 158 662 366 291 328 302 0 418 970 457 777 281 927 458 901 572 369 105 130 293 163 68 56 967 412 308 612 5 456 441 872 618 131 314 615 388 143 97 475 95 430 203 120 8 192 291 302 316 96 746 781 586 962 536 570 701 93 406 622 291 520 270 782 669 529 851 755 943 808
212 411 297 470 266 16 634 556 176 889 540 774 705 694 993 913 697 747 302 70 850 762 744 547 45 795 927 999 466 782 13 637 539 793 885 242 801 992 74 60 753 176 844 901 727 781 528 375 215 736 696 756 507 44 448 783 725 328 428 652 930 520 969 34 253 322 434 593 399 580 511 489 27 407 959 170 536 674 143 638 848 302 306 798 253 17 561 927 715 431 928 475 612 156 404 397 24 757 856 678
801 289 177 519 827 225 77 788 89 618 558 367 413 46 37 809 404 815 439 930 56 223 418 577 608 188 992 216 563 794 945 289 295 830 67 711 238 120 559 400 267 848 310 616 131 329 691 140 300 888 186 59 382 112 177 798 355 395 320 50 146 462 840 74 179 728 245 860 420 844 545 318 783 271 69 378 243 635 462 951 338 648 80 449 546 969 659 51 242 226 713 320 62 427 539 464 223 711 189 953
201 370 884 338 378 682 130 645 703 580 446 769 529 245 805 183 948 1 62 837 73 158 20 737 397 182 32 675 316 514 91 410 192 408 535 399 794 35 59 477 989 463 36 215 493 824 84 146 61 762 521 28 624 377 480 861 928 509 731 840 312 761 713 813 702 341 193 48 570 451 471 511 783 500 525 943 512 753 380 442 970 793 661 75 122 988 444 50 137 215 713 714 379 954 381 261 356 936 946 269
856 989 921 260 563 256 825 111 878 522 910 812 87 440 617 865 959 271 843 259 645 121 752 790 329 941 557 488 24 958 638 646 440 475 552 151 447 880 882 493 420 716 252 43 450 792 145 83 288 215 854 354 98 439 205 921 291 743 145 237 681 833 838 265 210 567 212 619 391 44 372 437 144 361 730 8 520 843 219 831 767 779 850 476 710 980 383 854 219 426 797 643 379 325 78 879 629 962 957 310
162 353 834 178 462 569 985 986 207 371 549 76 651 197 981 526 994 917 581 3 993 589 852 565 201 897 778 568 174 618 15 440 512 561 684 475 821 68 285 863 632 829 113 849 561 615 181 336 555 162 774 589 942 909 587 658 581 22 446 523 900 830 375 694 495 85 49 463 369 204 697 295 533 350 520 513 546 949 153 396 444 613 626 547 326 597 710 916 294 501 925 199 355 485 227 544 98 450 462 11
213 699 583 446 943 191 902 723 408 885 6 404 455 36 142 275 430 133 488 606 323 959 272 389 129 753 526 4 879 466 312 848 28 148 514 764 631 579 601 467 337 589 452 782 950 729 519 23 971 730 238 685 481 965 327 957 679 667 797 336 789 912 936 856 820 767 930 45 179 315 288 783 518 792 746 407 475 539 660 164 952 446 340 843 781 973 611 180 638 410 246 330 813 974 200 421 32 831 707 758
215 29 923 42 858 286 909 970 424 838 246 773 980 371 134 848 107 855 833 553 421 661 438 673 735 478 130 918 323 112 385 613 172 777 302 35 32 754 916 769 607 491 592 378 697 272 601 355 728 716 8 842 819 245 862 824 621 843 673 498 249 840 825 152 818 148 262 364 568 573 753 513 300 13 668 67 891 706 216 279 505 976 984 50 123 632 427 87 241 750 445 683 404 241 962 923 551 98 877 391
621 762 598 342 392 342 553 163 238 187 148 948 279 222 931 709 942 108 510 439 849 480 604 833 87 287 732 57 573 751 827 861 893 175 664 154 419 563 338 127 56 727 776 792 364 868 820 53 180 520 46 471 556 608 963 631 242 631 545 810 86 269 541 944 624 20 670 827 400 729 948 437 946 760 8 981 350 139 677 572 431 783 228 856 437 747 404 776 564 67 305 908 716 455 14 886 855 277 222 302
734 823 247 8 862 439 944 912 499 510 620 806 905 497 376 759 615 219 504 794 813 498 902 156 230 342 594 606 342 350 18 10 63 618 373 32 224 106 529 538 571 794 773 284 707 548 209 438 684 782 504 94 708 217 467 933 162 513 472 383 439 740 350 575 62 4 696 770 869 390 158 181 156 197 550 46 758 71 709 373 238 139 510 601 287 432 520 744 449 301 467 243 500 665 523 322 66 634 51 610
990 803 985 101 543 702 273 377 929 99 883 571 577 867 868 18 549 315 994 835 135 737 522 580 797 706 831 93 336 507 275 978 479 465 535 575 850 830 513 604 443 179 97 133 91 445 46 272 48 797 137 982 144 541 456 892 446 509 266 452 279 758 261 406 962 402 24 632 635 436 166 999 283 101 612 644 446 979 406 434 140 926 914 289 525 776 86 122 743 936 476 77 465 373 907 811 418 184 392 932
969 679 372 334 544 740 912 510 380 740 824 334 753 376 250 378 434 95 870 832 870 723 455 158 363 359 464 381 351 348 869 584 59 196 874 37 627 71 716 808 312 889 72 745 630 627 794 981 529 15 139 64 103 803 716 367 609 883 89 674 762 224 449 911 623 847 584 231 800 556 260 184 971 321 130 699 768 447 753 678 307 169 503 676 645 871 151 571 891 604 630 589 169 65 875 866 530 841 554 286
56 881 134 613 158 990 207 846 160 441 932 253 672 628 56 980 9 756 632 416 892 775 476 341 538 861 906 808 756 63 565 435 909 162 423 840 717 218 625 649 484 454 730 4 51 189 902 957 904 819 882 555 975 337 849 324 368 203 904 452 79 361 970 491 352 959 769 728 745 946 5 98 680 840 678 363 598 349 290 759 846 806 633 354 714 194 503 781 784 549 157 597 912 891 114 92 155 132 359 645
702 279 63 847 334 219 292 519 338 116 741 636 57 430 338 89 979 366 638 790 672 565 48 158 786 544 836 381 87 592 710 588 490 281 276 429 137 528 549 695 219 141 50 286 652 458 159 544 572 76 793 753 889 945 480 709 890 893 425 476 170 266 726 675 285 982 919 465 42 628 967 666 733 290 513 526 747 688 637 57 620 990 362 966 135 54 997 352 681 65 262 991 80 549 664 720 295 654 90 295
206 233 678 423 367 796 93 745 807 8 925 83 912 215 871 736 915 150 312 672 325 92 476 209 165 506 247 971 685 726 368 470 451 50 158 532 467 262 206 208 101 37 801 418 451 484 86 817 185 763 551 370 257 415 598 508 60 887 619 316 352 365 763 661 544 344 345 415 775 658 825 800 115 303 21 601 930 350 671 979 263 830 13 132 332 778 712 478 330 46 971 76 754 637 172 398 247 856 161 171
3 251 499 484 487 731 431 478 426 869 142 151 402 881 720 745 516 225 906 114 490 495 512 423 842 922 849 349 649 989 681 989 921 229 264 327 677 733 570 276 200 169 247 892 512 951 838 326 197 116 96 820 874 515 217 365 799 676 400 629 721 633 952 850 810 432 204 536 850 313 68 337 979 902 797 265 365 267 79 691 799 422 761 792 615 753 708 786 370 265 844 323 643 669 794 476 544 500 805 978
425 803 717 719 744 282 925 219 539 542 452 500 81 923 924 186 130 446 378 291 774 592 608 219 579 457 234 168 207 768 990 535 755 894 439 469 470 788 23 451 326 352 648 936 836 813 369 862 927 624 609 879 172 557 718 815 90 654 528 351 435 688 530 524 133 223 357 936 935 865 272 702 589 677 712 886 432 678 379 387 443 325 159 179 993 676 945 43 841 989 292 980 664 310 229 157 275 312 740 579
890 584 696 233 170 300 496 83 425 117 21 5 483 329 180 581 988 183 163 46 359 945 589 208 616 254 558 438 200 456 135 377 348 189 650 438 704 895 237 319 624 978 338 754 652 176 686 565 879 445 806 68 326 988 725 619 892 347 65 499 200 636 13 785 813 794 327 633 198 308 562 442 820 308 330 821 637 483 225 146 313 828 936 452 693 817 845 312 114 994 879 192 469 115 926 183 804 229 822 603
