394 794 45 127 378 133 656 326 642 333 242 168 467 438 188 544 563 926 617 696 603 911 257 251 156 153 21 460 812 438 135 358 939 927 919 294 635 199 284 495 867 996 14 256 31 62 520 842 507 118 407 74 683 970 908 773 944
454 9 745 671 237 801 713 870 713 962 764 747 854 812 623 750 33 533 324 824 152 925 631 151 155 147 590 651 385 778 643 406 339 449 730 993 567 690 247 580 486 793 76 42 716 292 904 520 125 840 396 828 618 275 363 916 991
980 548 213 135 88 79 852 380 878 326 287 61 964 265 505 394 718 696 74 73 332 494 302 432 194 738 643 42 661 136 934 980 63 590 649 933 177 539 130 601 324 708 344 279 954 874 521 996 412 203 759 547 822 331 628 836 415
689 794 476 147 288 101 631 750 776 700 537 626 143 558 138 214 147 170 464 498 74 499 685 795 230 481 573 225 440 137 9 21 97 159 791 788 939 198 978 629 634 965 613 42 356 31 905 903 45 904 89 719 589 562 680 327 579
421 587 801 655 625 836 60 53 509 627 588 56 638 233 118 267 297 14 308 480 956 265 421 518 189 580 274 267 636 455 200 424 881 467 815 958 754 446 998 544 903 701 184 909 199 560 777 262 410 40 589 295 653 455 988 739 758
589 814 690 209 489 803 41 77 663 606 875 975 313 328 444 589 148 202 296 641 359 378 844 115 310 935 874 102 933 378 703 24 817 738 103 837 579 693 244 477 421 112 536 632 165 852 325 961 339 111 939 664 202 525 20 209 344
63 249 86 195 566 93 973 238 159 426 519 40 588 268 488 77 348 995 616 960 208 729 704 180 286 983 466 443 528 590 249 505 297 851 286 947 652 53 815 27 462 604 480 29 373 985 226 865 194 96 664 329 627 680 756 411 778
12 46 409 662 555 727 107 597 142 104 350 240 716 366 991 54 89 550 547 245 357 646 7 589 779 249 507 623 747 516 126 433 811 787 917 37 886 339 100 90 446 590 747 875 53 871 838 564 642 212 843 11 146 245 452 241 577
168 926 853 247 52 359 278 652 523 917 983 635 756 331 322 333 987 347 338 478 169 583 358 386 345 198 523 915 723 158 278 74 182 813 23 173 10 793 664 83 545 79 664 542 222 905 319 786 554 988 136 137 258 384 973 143 602
875 981 292 18 476 808 997 971 694 590 572 770 823 697 227 467 506 2 609 81 401 483 239 400 242 600 359 723 937 470 25 952 519 142 149 462 119 620 938 113 154 236 259 552 614 895 788 287 723 203 727 285 566 422 430 851 807
152 828 294 318 420 468 326 726 536 954 95 598 122 451 924 998 33 805 166 267 922 321 883 330 70 536 40 329 910 611 56 821 508 208 520 155 686 34 308 191 373 549 155 174 523 539 65 749 519 267 514 335 863 983 328 350 992
798 513 651 571 588 464 159 912 956 120 669 577 189 541 460 528 789 301 289 440 390 163 984 310 643 142 690 839 294 637 376 190 376 877 824 673 899 946 883 242 163 839 358 959 517 280 619 574 885 837 109 143 930 795 412 243 257
257 106 952 840 360 929 340 265 350 236 769 400 658 481 689 850 863 790 956 735 814 610 567 268 814 501 653 772 342 97 884 854 494 834 650 843 801 385 934 454 704 898 769 536 212 380 137 562 503 638 167 288 590 726 618 57 158
995 984 322 307 106 899 634 312 283 634 787 795 473 183 764 304 45 967 722 134 145 586 491 977 357 639 597 945 179 93 311 735 610 759 409 813 161 41 68 428 643 166 212 642 312 817 264 42 718 460 485 981 751 949 94 525 12
423 217 888 668 557 439 120 773 231 616 82 712 647 51 349 782 576 669 911 760 795 385 417 724 574 467 748 74 828 490 416 701 569 761 336 496 932 967 105 735 763 811 705 824 371 366 274 235 141 794 324 767 146 723 446 231 262
34 399 751 190 71 804 350 357 840 375 169 771 476 75 988 351 510 914 391 12 795 773 973 597 901 582 30 966 991 988 906 183 238 975 443 968 726 736 515 922 666 220 92 792 110 839 742 701 676 58 654 898 270 564 389 414 357
840 601 136 737 128 335 253 771 950 342 276 162 560 746 428 996 410 953 974 103 135 336 682 295 222 309 302 582 384 717 724 203 740 417 952 422 543 630 238 55 602 173 811 403 648 357 372 491 654 811 532 245 801 455 54 696 659
255 283 821 19 43 754 92 173 294 949 929 356 549 155 965 880 699 603 99 882 985 777 935 167 512 338 742 472 833 486 999 846 81 431 960 500 343 105 292 179 136 786 651 549 666 495 556 316 394 689 448 700 352 500 345 949 648
92 327 732 683 887 874 432 491 131 936 516 519 320 868 211 538 148 227 103 600 803 822 761 896 217 17 970 63 195 422 19 176 315 437 117 294 711 44 75 938 901 912 862 49 10 592 502 44 339 230 975 277 77 75 542 751 536
152 192 222 731 286 481 895 447 913 982 400 245 471 769 776 993 691 976 801 433 812 482 326 980 438 290 532 433 26 423 443 763 624 616 883 870 592 862 866 375 36 596 933 451 532 851 499 73 640 824 626 405 842 714 755 74 753
703 710 942 941 460 194 323 771 398 40 588 204 265 299 597 231 812 212 876 827 673 924 993 595 254 504 726 359 388 433 569 138 957 988 943 572 217 654 444 537 858 801 568 422 364 671 456 936 276 728 910 302 615 798 819 925 511
298 187 537 177 972 268 965 517 674 856 216 530 878 212 144 400 365 843 882 266 757 165 5 31 316 139 566 37 607 724 210 348 455 29 199 426 590 191 321 245 265 523 316 752 654 871 373 227 290 986 518 602 415 162 753 838 696
673 822 808 80 115 175 180 991 795 429 622 457 877 762 888 821 913 683 472 263 116 981 77 940 682 600 499 13 687 415 511 15 286 906 568 195 540 75 232 862 913 210 160 188 459 434 343 993 856 411 634 246 737 94 851 370 875
17 319 283 939 712 272 977 713 459 831 774 762 794 620 491 151 373 607 919 945 848 227 697 195 101 609 395 224 700 534 329 214 408 719 26 208 814 217 584 335 836 338 482 50 849 620 272 518 800 300 314 998 205 480 446 965 575
742 930 800 346 755 221 492 773 167 478 584 7 905 182 339 353 310 148 796 24 201 968 910 363 71 813 245 494 230 647 190 503 591 965 302 645 189 150 603 494 585 858 259 767 955 804 858 436 657 327 931 249 420 627 141 403 92
282 349 237 599 570 281 615 873 621 914 47 359 500 90 625 504 135 462 59 271 4 827 171 681 993 537 225 229 873 130 515 934 165 244 942 814 492 822 699 965 353 330 805 212 573 501 224 827 439 255 569 198 533 510 706 833 241
748 686 257 607 694 464 118 797 658 790 86 97 595 87 190 621 842 214 337 59 743 59 898 973 524 993 974 286 497 170 538 667 174 6 378 457 882 385 829 408 245 402 12 376 719 376 255 350 802 10 182 529 124 713 858 425 853
850 419 870 887 825 849 180 144 53 491 626 470 222 861 221 857 120 130 304 661 954 114 930 111 821 13 10 280 975 581 306 217 471 526 361 97 956 183 383 573 898 465 203 286 211 606 495 637 83 810 422 319 604 40 75 967 433
41 317 646 520 194 661 428 188 731 191 305 591 949 337 303 397 305 564 101 183 104 974 142 369 681 670 778 492 250 816 391 113 36 345 359 726 432 10 83 185 824 923 42 559 116 296 282 458 493 424 910 475 738 452 106 55 151
131 517 657 589 455 269 984 974 562 353 373 665 979 505 741 316 43 235 285 896 221 443 283 71 207 938 934 578 342 613 288 402 845 910 409 127 444 252 851 807 824 887 832 713 979 86 77 356 892 849 293 397 586 107 353 606 706
968 751 676 558 620 707 749 502 884 528 736 327 464 180 21 739 274 914 434 8 651 655 195 980 518 412 162 830 218 560 289 607 4 324 449 739 105 220 924 198 610 243 709 584 898 915 139 678 754 230 133 933 27 719 554 559 980
523 934 282 451 189 391 947 993 518 816 117 405 30 125 204 252 950 561 346 21 225 837 86 725 114 623 141 329 79 739 722 368 90 927 63 430 739 388 627 612 192 273 55 95 510 270 640 155 160 374 899 688 671 325 908 139 340
166 966 15 476 183 728 207 182 479 444 434 297 386 217 606 360 556 885 454 68 788 953 991 310 445 155 19 96 878 329 225 661 670 350 746 502 517 549 783 14 961 447 567 947 869 829 868 658 923 696 2 167 636 54 720 928 209
228 646 182 69 617 960 79 223 97 765 206 689 671 572 617 478 920 146 935 161 947 822 346 2 407 491 270 746 754 865 621 842 476 732 432 809 305 216 429 749 239 691 756 47 375 300 150 775 151 956 233 839 504 363 999 17 23
125 656 298 445 980 170 413 427 530 559 734 520 37 538 521 206 310 122 966 307 824 906 696 901 568 31 579 357 755 128 913 824 655 574 316 693 191 727 985 353 632 73 558 402 996 911 55 125 548 727 15 839 588 730 485 153 82
199 322 932 329 793 13 594 510 481 262 351 685 633 210 3 778 146 225 220 114 171 594 774 103 14 224 685 339 242 174 437 724 344 102 753 987 250 789 299 717 428 393 976 133 147 982 202 82 519 598 386 271 285 224 884 309 305
799 792 122 679 331 224 210 310 39 416 936 36 726 785 514 81 863 518 210 932 100 379 206 639 584 959 15 35 116 126 303 58 990 695 598 966 709 195 540 519 608 618 540 520 877 523 644 774 757 577 825 300 780 513 786 854 772
211 557 28 946 488 958 779 238 983 218 310 330 860 561 451 952 989 720 880 894 125 878 205 191 235 640 100 933 105 850 594 596 355 607 976 145 733 171 790 775 871 563 452 907 550 300 283 66 307 406 581 22 489 309 66 965 485
324 413 913 17 697 306 49 979 140 705 631 880 136 734 869 957 492 629 988 799 970 810 23 314 757 577 908 827 522 341 603 76 139 537 718 751 316 846 818 382 938 649 470 208 418 669 12 37 890 687 475 27 657 334 682 392 979
742 52 606 721 301 723 323 671 814 7 88 959 107 59 241 734 795 596 941 520 877 392 720 200 895 37 412 42 615 354 864 670 852 1 142 455 566 71 432 718 351 653 685 344 339 404 398 337 255 346 165 929 363 554 528 476 779
580 772 39 446 559 827 173 992 201 560 818 946 626 942 417 799 676 86 613 387 922 999 79 236 146 654 340 157 327 899 479 26 80 579 784 23 184 860 815 486 103 561 402 379 561 264 598 775 276 883 258 395 89 205 377 52 572
661 107 715 696 868 57 375 649 984 735 751 715 141 422 576 875 206 478 416 192 532 494 623 14 223 252 523 446 898 821 73 846 735 399 518 807 979 935 114 352 850 440 943 264 91 223 312 176 859 603 115 457 179 4 831 811 83
404 655 685 543 508 607 874 260 190 839 158 441 84 203 98 979 163 603 269 357 20 540 787 750 150 335 11 795 657 232 324 741 759 554 679 958 952 675 899 4 578 224 297 382 768 367 70 425 596 558 277 682 96 799 523 987 906
40 271 27 687 170 831 9 570 723 317 28 113 850 51 957 500 224 122 628 143 828 432 821 42 844 544 971 861 794 620 797 425 963 423 356 625 307 895 602 137 307 546 952 515 296 892 879 708 273 38 821 479 995 515 327 625 503
798 882 820 661 546 364 797 296 114 399 140 927 201 748 452 906 145 770 379 823 244 51 927 785 341 486 28 642 100 829 711 708 653 499 516 443 541 720 337 360 693 754 325 684 78 693 923 47 16 177 336 85 914 744 379 3 54
364 317 387 254 700 546 496 954 175 978 66 917 180 111 699 905 414 8 100 447 22 27 854 143 873 700 8 864 367 24 237 117 629 297 559 288 104 502 546 214 767 464 804 124 91 240 494 612 459 318 246 461 270 104 9 445 962
40 846 129 808 119 150 55 116 570 912 466 429 273 604 749 19 200 68 800 199 763 531 360 558 634 291 649 46 963 907 144 460 604 686 262 653 321 158 957 150 807 18 856 734 353 971 862 627 178 314 989 410 210 862 675 863 758
826 480 363 843 371 278 763 105 696 183 203 440 332 360 176 405 397 436 73 54 177 136 711 452 86 551 207 551 492 871 609 122 381 592 672 830 276 783 922 89 639 231 229 834 695 425 438 586 74 448 893 818 41 753 10 273 364
585 214 641 276 880 681 123 167 930 924 332 784 369 902 987 854 916 746 699 749 333 517 561 438 446 238 144 459 659 918 236 789 239 91 842 38 640 86 634 442 611 69 639 100 29 285 878 406 261 8 863 444 260 209 892 260 817
892 392 209 550 877 64 894 533 59 96 419 237 835 298 521 783 825 554 707 830 700 464 856 780 316 903 183 896 687 317 415 691 165 198 719 652 319 643 68 444 752 211 865 767 216 492 620 541 36 894 917 425 454 563 191 341 455
73 797 548 846 628 684 55 809 659 373 90 275 723 465 147 252 277 736 691 755 919 514 452 306 418 438 193 283 325 164 629 258 400 534 420 838 440 707 338 880 60 192 505 648 647 206 696 228 986 818 751 651 565 890 477 768 16
461 137 34 437 419 83 976 100 241 496 63 655 155 722 793 89 686 759 795 434 651 57 682 609 286 329 829 557 759 77 110 590 277 840 676 389 814 515 558 931 706 882 189 638 748 110 346 799 703 576 514 19 250 495 157 524 642
722 281 377 630 389 873 297 780 471 910 524 179 495 405 902 439 907 168 746 96 901 184 608 825 309 280 433 46 826 92 999 111 329 713 749 357 584 707 938 457 302 182 712 790 792 287 245 789 321 854 664 265 702 123 685 861 748
902 113 735 350 864 329 818 191 811 295 27 445 225 570 543 886 693 645 148 104 706 854 146 45 657 350 743 905 315 688 583 256 296 151 961 874 301 890 840 729 610 292 944 219 522 29 852 159 684 742 873 9 351 968 97 221 747
528 207 232 554 746 505 164 403 106 253 793 465 878 383 692 955 391 630 989 66 16 227 504 968 380 949 321 607 621 725 966 14 103 44 736 536 473 819 286 655 352 498 787 987 25 12 438 500 764 177 339 456 755 193 543 975 485
759 950 775 230 906 764 124 798 936 308 346 862 632 127 895 354 308 972 3 826 742 914 869 411 140 562 989 846 395 902 215 991 779 898 671 964 1 618 391 465 468 28 574 206 471 511 139 485 421 433 673 813 740 944 182 605 141
590 852 896 876 52 665 933 143 733 820 346 382 161 926 990 378 421 287 936 945 457 868 256 102 731 115 358 677 261 723 956 251 492 959 523 104 527 397 255 619 614 622 801 20 641 171 565 370 383 135 845 283 274 687 443 60 275
151 809 488 268 827 376 131 410 469 553 662 578 868 374 56 123 686 946 310 377 385 127 769 603 469 907 878 203 684 35 786 520 973 351 364 894 978 841 377 420 42 366 278 633 151 449 17 19 757 221 862 426 354 555 429 493 741
730 581 795 24 75 883 723 547 310 609 692 73 728 651 848 618 619 543 215 23 453 718 20 369 108 120 363 24 12 283 405 690 568 241 823 361 595 534 191 147 337 0 521 819 977 480 32 193 578 54 97 547 92 191 896 130 275
7 356 907 905 705 500 519 971 776 279 998 840 68 940 858 566 432 665 361 369 524 335 839 386 608 898 309 776 445 932 532 36 569 837 526 697 972 857 717 114 122 817 591 122 237 589 667 51 940 396 824 615 251 42 911 144 416
706 869 24 685 212 58 541 2 644 866 398 768 116 50 126 921 447 730 273 545 198 743 433 282 124 580 659 118 662 439 682 757 713 705 21 412 575 753 853 403 654 72 847 649 910 795 951 286 111 971 712 185 762 815 627 796 148
50 530 153 381 560 971 512 701 789 272 813 352 975 253 148 48 863 34 901 371 924 663 222 712 829 634 152 152 524 498 159 123 984 841 748 755 672 360 710 519 381 349 355 761 975 955 84 248 928 31 222 920 433 301 323 921 831
842 574 678 150 31 969 765 917 364 101 47 897 980 407 750 377 924 612 306 632 263 415 62 763 961 531 880 398 873 519 80 809 196 498 378 980 711 647 888 654 524 962 819 782 778 121 34 623 798 57 99 946 690 4 254 107 14
548 599 118 611 267 777 746 5 501 14 723 587 643 567 335 72 438 305 680 53 866 481 476 646 840 537 166 514 226 986 334 226 874 186 277 5 535 680 162 472 35 177 934 629 309 651 923 484 676 207 387 318 680 739 285 394 923
871 872 871 81 224 35 785 570 161 200 797 743 568 58 630 905 220 197 29 244 390 348 153 722 693 574 459 28 798 326 855 720 980 131 310 128 11 380 799 619 861 631 823 625 448 226 469 288 47 842 706 223 386 560 780 106 831
947 179 444 152 478 415 63 101 57 193 457 762 776 469 818 891 999 903 853 213 672 938 280 361 36 812 36 856 658 91 711 481 476 524 874 925 109 832 713 487 980 355 912 999 476 858 219 734 426 647 395 963 671 542 192 541 310
840 990 797 926 675 509 277 996 669 78 414 608 771 742 718 191 27 12 86 778 599 162 512 670 125 778 314 110 178 421 492 972 689 927 862 768 568 884 124 135 654 270 667 633 539 926 407 257 566 870 14 347 423 995 702 538 22
147 16 122 717 907 10 471 165 528 234 329 412 854 311 682 289 546 441 91 234 421 12 332 434 854 451 777 233 186 780 902 681 629 771 451 619 529 958 426 731 690 598 969 358 607 626 960 575 78 134 657 305 244 410 363 859 511
79 292 592 353 992 613 114 116 389 734 673 958 486 470 528 312 408 922 480 382 4 482 122 38 977 696 227 170 785 1 469 23 128 568 558 992 221 711 445 364 596 723 355 675 177 268 489 208 188 826 998 1 748 145 24 599 80
703 247 878 265 348 412 273 218 836 3 238 589 177 463 477 998 196 358 193 445 371 75 48 771 693 535 3 726 731 419 205 519 883 102 532 525 798 309 675 514 194 509 103 677 559 399 584 958 706 410 489 224 64 735 682 694 714
178 318 502 430 114 856 123 567 787 190 955 598 187 977 703 538 487 888 278 123 85 621 469 456 42 328 690 48 652 287 319 438 8 834 727 697 938 374 220 312 657 445 912 782 806 271 444 461 974 602 417 706 121 855 262 548 759
561 458 75 356 597 410 141 316 998 64 772 582 831 962 127 321 653 42 501 204 124 692 551 340 854 371 340 905 308 844 858 829 706 953 706 13 238 552 968 464 862 203 252 516 291 441 482 815 926 349 955 655 201 459 572 253 306
379 265 221 184 192 414 553 497 470 885 779 39 558 178 908 585 510 963 618 111 241 818 317 991 233 624 480 272 757 535 374 513 812 719 733 258 23 290 450 720 969 718 20 344 622 748 195 27 492 322 658 820 215 441 322 280 840
685 422 780 543 747 11 962 209 196 622 645 668 125 839 975 901 463 950 335 869 221 460 347 652 962 502 865 536 338 843 150 834 839 1 209 871 341 462 792 834 393 264 298 805 703 914 431 264 110 667 855 781 201 349 587 926 104
399 561 428 744 324 900 277 156 695 193 944 76 540 281 860 944 435 132 106 62 701 440 155 177 544 510 457 806 678 938 618 895 336 728 792 135 50 975 753 965 90 383 713 941 712 564 571 827 683 33 727 934 278 752 196 190 443
161 323 862 240 716 731 819 177 808 686 766 901 144 943 407 185 331 103 534 631 913 895 743 734 869 310 681 667 134 572 234 827 546 856 39 168 455 632 898 832 109 714 46 277 779 374 743 511 426 193 351 192 926 950 677 547 769
710 855 706 661 2 661 964 440 889 610 358 178 262 450 477 395 710 997 775 381 798 429 430 963 868 66 761 114 431 745 209 176 55 669 412 520 469 261 190 396 586 166 820 308 930 922 533 797 544 717 518 974 476 481 329 32 939
489 502 62 370 701 565 206 869 546 737 550 60 528 936 168 616 66 6 802 347 25 289 238 740 845 876 998 447 488 368 229 395 332 436 224 936 648 709 849 449 676 859 464 246 461 665 497 673 407 463 613 160 92 998 361 279 697
703 371 796 221 753 652 507 905 224 982 784 317 714 62 2 226 202 539 736 735 223 242 861 72 860 585 750 169 369 117 395 715 477 886 388 357 682 426 163 232 341 36 653 64 887 982 945 738 2 811 450 27 361 292 721 815 8
233 484 783 97 513 945 612 208 631 7 281 706 782 14 727 274 134 686 43 906 533 85 429 381 687 35 872 369 974 140 634 732 270 578 892 511 786 296 70 10 285 951 451 715 793 709 801 170 756 847 949 335 667 781 651 261 345
652 409 36 422 715 72 772 413 290 360 69 668 348 196 252 778 902 810 974 250 726 842 163 46 984 553 85 451 111 58 799 934 617 640 843 198 780 717 435 863 477 29 832 396 819 733 867 105 784 47 558 348 359 477 395 762 679
772 211 123 260 987 385 657 715 28 291 171 240 730 172 461 310 883 465 90 496 459 871 621 741 719 895 613 161 820 906 13 921 30 553 902 968 118 258 338 967 914 719 646 809 16 12 546 497 186 202 391 734 292 628 927 360 370
438 317 502 857 225 838 618 303 232 913 504 545 488 259 32 751 18 976 657 312 78 606 401 11 302 521 310 503 374 436 128 994 748 382 483 745 838 485 141 832 89 940 805 411 860 9 349 386 517 14 29 887 597 446 471 579 593
80 710 500 411 247 582 683 144 222 450 867 340 503 632 679 432 604 588 115 117 358 159 455 585 525 637 938 65 451 137 822 581 623 496 926 981 998 512 656 952 287 387 336 875 997 459 24 11 77 986 951 290 849 253 187 104 862
793 56 661 948 770 773 732 982 95 234 647 275 121 906 605 970 783 877 460 393 521 244 533 806 335 414 574 688 677 674 837 371 56 795 55 72 488 556 890 775 101 191 269 331 511 254 817 187 842 996 719 130 646 237 238 320 481
791 438 557 792 521 871 123 396 701 457 344 838 891 225 260 743 842 904 945 196 437 854 376 137 449 834 436 660 727 393 632 969 426 680 611 599 493 22 770 0 846 665 596 720 367 324 634 69 446 259 48 271 904 818 984 723 849
7 476 359 485 44 853 686 393 521 767 323 859 427 961 806 628 38 923 461 994 210 738 402 267 948 858 68 196 389 631 351 172 592 890 116 406 469 839 163 971 571 407 846 344 521 869 46 800 263 486 275 190 609 535 876 55 623
385 362 518 546 469 80 388 665 547 24 111 165 82 399 419 937 765 467 568 839 833 408 952 814 706 726 391 844 936 973 445 603 867 95 475 967 321 18 971 633 318 76 783 543 906 260 506 896 19 380 869 794 296 935 134 466 186
790 15 317 786 617 119 505 364 923 262 775 240 343 180 545 16 13 804 995 231 265 157 853 247 376 406 635 203 25 173 27 299 75 784 947 554 14 831 853 503 930 234 476 565 141 225 718 430 799 153 33 546 776 862 504 56 126
784 793 977 761 273 894 163 838 339 778 629 316 719 935 357 470 996 495 672 510 155 811 758 705 255 442 836 362 632 27 793 636 496 479 751 272 645 131 74 701 409 22 750 203 415 128 478 347 824 298 934 86 410 692 602 70 593
745 987 59 521 883 549 143 633 81 130 715 875 286 486 372 308 755 336 993 58 118 532 244 552 494 593 799 712 975 816 435 755 614 390 143 193 18 324 310 158 933 725 719 929 826 329 716 737 952 715 396 290 508 665 679 16 85
230 785 831 384 780 625 789 852 417 840 918 703 766 194 34 847 449 953 672 77 792 595 827 664 619 995 46 138 376 329 995 461 345 709 566 340 350 340 215 297 224 382 965 784 607 457 512 782 446 501 985 711 245 552 908 589 603
16 363 725 538 840 521 295 695 287 964 90 226 546 770 704 77 569 298 44 11 237 116 476 415 879 113 663 128 829 331 579 557 578 422 392 270 177 110 403 569 248 431 702 149 485 971 42 446 711 282 346 952 26 125 561 339 815
684 87 242 884 5 702 795 626 40 277 889 815 915 555 274 480 854 623 405 187 573 787 960 150 141 451 971 112 897 130 337 447 185 499 339 939 182 571 64 524 296 754 526 959 613 236 903 591 983 298 908 819 283 131 518 258 995
689 529 350 182 315 921 107 14 985 91 242 287 710 763 746 798 80 933 394 97 501 217 313 345 371 963 349 435 321 249 396 259 729 719 540 580 513 149 596 819 428 537 197 364 638 198 412 537 672 638 302 136 348 434 545 809 276
406 381 919 454 99 381 183 87 541 874 268 263 903 790 603 489 185 593 983 110 23 694 496 316 360 938 943 851 107 90 475 453 251 154 554 813 761 771 491 881 612 456 651 903 365 100 978 458 685 842 294 994 474 891 888 697 810
619 482 949 876 294 381 499 755 374 948 165 207 658 323 437 52 87 420 532 62 406 951 772 256 451 252 625 446 911 668 667 468 26 346 453 686 806 949 543 704 196 115 496 179 971 967 438 361 18 711 378 679 40 484 10 655 556
919 441 952 474 345 466 835 231 490 433 732 285 663 323 568 511 298 75 54 598 31 899 78 84 310 915 228 952 222 756 224 475 870 495 417 554 75 799 528 919 280 45 967 45 96 880 210 994 435 384 129 809 525 711 760 661 391
842 817 40 287 602 865 654 313 457 732 619 473 821 334 231 695 500 478 597 148 887 47 894 82 827 162 907 426 941 193 299 106 352 250 405 16 673 305 142 571 910 462 13 337 44 324 693 41 262 269 668 572 757 318 125 174 705
551 113 771 786 300 488 879 92 587 930 169 248 842 278 69 186 831 431 237 426 621 812 613 515 21 976 767 28 55 826 735 321 1 664 105 842 209 531 832 463 11 348 889 163 602 290 896 548 340 8 757 648 721 738 85 677 765
